0 0.0420636 0.40781
1 0.256597 0.116165
2 0.555556 0.025986
3 0.262077 0.271048
4 0.193791 0.727585
5 0.0590974 0.7387
6 0.242441 0.924441
7 0.437941 0.122356
8 0.513856 0.459644
9 0.600238 0.574264
10 0.158778 0.685108
11 0.174989 0.538264
12 0.193367 0.446728
13 0.313583 0.290537
14 0.624144 0.670411
15 0.580849 0.663659
16 0.241356 0.777522
17 0.206201 0.415921
18 0.707825 0.627617
19 0.427708 0.452548
20 0.6937 0.70958
21 0.248745 0.29408
22 0.692673 0.661932
23 0.776176 0.332471
24 0.877596 0.143466
25 0.995897 0.3656
26 0.711442 0.590849
27 0.723098 0.192046
28 0.559633 0.378803
29 0.775675 0.551176
30 0.575306 0.510391
31 0.938214 0.357058
32 0.916721 0.688604
33 0.623119 0.958911
