1 2
3 2
4 2
5 2
6 2
7 8
9 8
10 8
11 12
13 12
14 15
16 15
17 15
18 15
19 15
20 15
21 15
22 15
23 15
24 15
25 15
26 15
27 15
28 29
30 29
31 29
32 29
33 29
34 35
33 35
36 35
37 35
38 39
40 39
41 42
43 42
44 42
45 42
46 47
48 47
49 47
50 47
51 52
53 52
54 52
55 56
57 56
58 56
59 56
60 56
61 56
62 63
64 63
65 63
66 63
67 63
68 69
70 69
71 72
73 72
74 75
76 75
77 75
78 75
79 75
80 75
81 75
82 75
83 75
54 75
70 75
84 85
86 85
87 85
88 85
89 85
90 85
91 92
93 92
94 92
95 96
97 96
98 96
99 96
100 96
101 96
102 96
103 96
104 105
106 107
108 107
109 107
71 107
110 107
111 112
113 114
115 114
116 114
117 118
119 118
120 118
121 118
122 118
123 118
124 125
126 127
128 127
129 127
121 130
131 130
132 130
133 130
134 130
135 130
136 130
137 130
138 130
139 130
140 130
141 142
143 142
144 142
145 142
146 34
147 34
32 34
148 149
150 149
151 149
152 153
154 153
155 153
156 153
157 153
158 153
159 160
161 160
162 160
163 160
129 164
165 164
166 164
167 164
168 164
169 164
170 164
171 164
172 164
173 164
174 164
175 164
176 177
156 177
178 177
179 177
180 177
181 177
182 177
183 177
184 177
185 177
176 152
186 152
187 152
188 152
189 152
190 191
57 191
192 191
193 191
194 191
195 191
196 191
197 191
198 199
200 199
201 202
203 202
204 202
205 206
207 208
209 208
210 211
212 211
213 214
215 216
217 218
219 218
220 218
221 218
222 218
180 218
196 218
223 218
224 225
226 225
227 152
228 152
229 152
230 152
231 232
233 232
129 232
5 232
152 234
235 234
236 234
237 238
239 240
241 240
242 243
244 243
245 246
247 246
248 246
249 246
250 246
251 252
249 252
253 252
254 255
46 256
257 256
258 256
259 256
260 261
262 261
263 264
265 264
266 264
267 264
91 264
152 268
269 268
270 268
271 268
272 268
273 268
274 275
276 275
277 275
278 275
279 275
280 275
281 275
282 275
283 284
285 284
286 284
287 284
288 289
290 289
291 289
292 289
293 289
294 289
295 289
296 289
297 289
298 289
299 300
301 302
303 302
304 302
305 302
306 302
228 307
308 307
309 307
310 311
260 311
312 311
313 311
314 311
315 311
295 311
316 317
318 319
229 319
320 319
321 319
322 319
323 324
325 326
327 326
328 326
329 326
330 326
331 326
332 326
216 326
333 326
334 326
335 326
336 326
337 326
338 326
339 326
340 326
341 326
342 326
343 326
344 326
345 326
346 347
241 348
137 349
350 349
351 349
352 349
353 349
310 354
355 354
356 354
357 354
358 359
360 359
51 361
361 361
197 361
362 361
363 361
364 361
365 361
366 361
367 361
368 361
369 361
370 371
372 371
38 371
373 371
374 371
375 371
120 376
377 51
97 51
156 51
18 51
378 379
380 379
381 379
382 379
383 379
384 385
229 385
386 385
387 385
388 385
389 390
391 390
370 390
392 393
394 395
396 177
356 177
397 177
398 177
156 399
396 399
400 399
194 399
401 399
402 399
403 404
405 406
407 406
408 406
409 406
410 406
411 406
412 406
413 414
415 416
417 416
418 414
419 420
421 420
422 420
423 420
424 420
425 420
426 420
427 428
429 428
430 431
432 433
434 433
435 433
436 437
438 439
440 439
441 439
442 439
443 439
444 439
445 446
447 448
449 450
451 450
452 450
453 450
454 455
456 455
457 455
458 455
459 455
460 455
227 461
462 461
463 464
465 466
467 466
468 51
469 51
269 51
470 471
472 471
473 471
472 471
474 471
475 471
476 471
477 471
478 471
115 471
479 471
286 471
480 471
465 471
481 471
482 471
483 471
474 471
279 484
485 486
174 486
487 486
488 486
489 486
490 486
491 492
388 492
38 492
335 492
493 492
494 492
495 492
496 492
497 498
499 498
445 498
500 498
313 498
501 51
502 51
503 51
504 505
144 505
333 506
507 506
286 506
115 506
508 506
509 506
510 506
86 511
512 511
513 511
514 511
515 511
516 511
517 511
518 511
519 511
320 511
520 511
521 522
523 522
524 522
525 522
526 522
527 522
528 522
529 522
113 354
530 354
531 354
286 354
532 354
533 354
534 354
535 536
537 536
538 536
539 536
540 541
542 541
299 543
544 543
545 543
546 543
357 543
547 543
330 543
548 543
549 543
550 543
551 543
552 553
554 553
555 553
556 553
557 553
558 553
559 553
560 553
561 553
562 563
564 563
565 563
566 563
567 563
568 569
460 569
570 571
572 571
573 571
574 571
575 571
576 571
577 571
578 571
579 552
580 552
581 552
582 552
583 552
584 552
585 552
586 552
587 552
588 552
589 552
590 552
591 552
47 552
362 552
592 552
593 552
460 594
388 595
596 595
597 595
286 598
599 600
601 602
603 455
237 604
605 604
606 607
327 607
608 607
609 607
610 607
611 607
612 607
613 607
614 615
174 616
617 618
619 620
621 620
622 620
623 624
297 624
297 624
625 626
328 626
216 626
627 626
628 629
630 629
192 629
631 632
631 632
364 633
634 633
635 633
636 633
637 633
638 633
639 633
640 633
641 633
642 633
643 644
645 644
254 644
646 647
445 648
649 648
650 651
652 651
253 651
653 654
655 656
657 594
658 594
659 127
602 127
660 127
661 127
401 127
662 127
663 127
664 665
666 665
216 665
667 665
668 665
254 665
298 665
669 670
671 670
672 673
674 673
675 673
676 677
678 679
401 679
353 679
680 681
682 683
684 683
254 683
685 683
686 683
687 683
688 683
689 690
691 690
692 690
693 694
695 694
696 694
697 206
698 699
700 461
701 461
254 702
229 654
703 654
330 654
704 654
705 654
706 654
689 408
707 408
708 709
710 709
711 709
712 709
713 709
714 709
715 709
716 709
717 709
718 709
719 709
720 709
721 709
722 709
723 709
216 709
724 709
725 709
726 709
727 493
728 729
377 729
730 729
731 729
732 729
733 734
735 734
736 734
48 734
737 734
738 739
740 739
741 739
742 739
465 739
470 739
743 739
744 739
745 739
746 739
747 739
748 739
749 739
750 739
751 739
752 753
754 753
755 756
757 690
758 690
759 690
760 690
330 428
761 571
762 571
763 664
460 664
764 664
765 766
254 766
767 768
769 768
451 770
771 770
772 770
35 773
774 773
775 766
776 35
777 35
778 35
779 780
781 780
782 783
784 783
785 783
786 783
787 783
788 783
789 783
790 783
783 783
704 791
792 793
254 794
795 793
796 793
797 793
798 793
799 793
800 801
802 803
804 803
805 803
806 238
807 238
808 238
792 809
810 809
811 809
812 809
813 809
814 815
816 815
817 815
818 819
820 819
821 819
822 819
823 819
824 819
760 677
825 677
826 677
827 677
828 677
829 677
830 677
290 677
831 677
832 677
833 677
834 677
835 836
837 368
838 368
839 368
840 368
841 368
785 842
843 842
844 842
845 842
846 842
847 842
848 842
84 472
849 472
850 472
851 472
306 472
852 51
853 51
854 855
856 855
857 855
125 858
310 858
859 858
860 855
861 855
862 855
388 863
864 472
472 472
865 472
866 472
472 472
867 868
713 868
869 868
870 868
871 868
872 873
67 874
120 874
875 874
876 874
877 874
878 874
301 879
880 879
881 879
882 883
884 883
159 883
885 883
886 883
887 883
888 883
260 883
889 883
890 883
891 892
738 893
894 893
895 893
896 893
897 893
898 893
890 318
899 900
703 900
901 900
902 900
903 900
904 905
906 905
907 855
38 908
909 908
298 910
911 912
913 912
914 912
915 912
638 916
917 916
398 916
290 916
918 916
919 916
708 916
920 916
921 916
922 916
923 924
925 924
926 924
927 924
217 928
929 928
930 928
364 928
931 928
932 928
933 928
926 928
934 928
935 928
898 928
936 928
330 937
938 939
940 673
100 941
942 941
943 941
944 437
945 437
946 947
948 891
949 891
950 951
952 951
953 951
954 951
955 951
661 951
956 957
958 957
959 957
960 957
961 957
962 957
963 957
964 957
965 957
966 957
967 957
968 957
969 957
636 957
970 957
786 957
971 957
972 973
974 975
976 975
977 978
290 979
364 979
980 979
981 979
982 979
983 979
984 985
986 985
987 985
988 985
989 985
990 991
992 991
993 991
994 991
544 991
995 991
996 991
997 991
936 991
998 991
999 991
38 1000
1001 1000
1002 1003
336 1003
356 1003
1004 1003
1005 1003
373 1003
1006 35
1007 35
1008 35
1009 947
131 947
440 1010
1011 1010
472 1010
1012 604
1013 604
72 1014
1015 1014
1016 1017
1018 1017
1019 1020
1021 1020
1022 1020
1023 1020
1024 1020
1025 1020
1026 1027
1028 1027
1029 1030
1031 1032
1033 1032
1034 1032
1035 1036
1037 1036
1038 1036
510 1036
738 1039
1040 1039
1041 1039
1042 1039
217 1039
85 1043
1044 1043
1045 1043
1046 1043
1047 1043
1048 1043
292 1043
853 1049
1050 1051
1052 1051
429 1051
1051 1053
1054 1053
1055 1053
1056 448
1057 448
1058 448
1059 448
1060 1061
1062 1061
1063 1061
1064 1061
1035 1065
1066 1065
1067 1065
663 1065
1068 1065
1069 217
398 217
1070 1071
1072 1071
1073 1071
1074 1071
10 1071
1075 1071
903 1071
1076 1071
1077 1071
1078 1079
1080 1079
1081 1082
1083 1084
1085 755
1086 703
144 703
1087 1088
1089 1090
1091 1090
1092 1090
1093 1090
1094 1095
1096 1095
642 1095
1097 1095
1088 1098
776 1098
1099 1098
1100 1098
1101 1098
1102 1098
144 1098
1103 1104
46 384
1105 120
1085 120
1106 120
1107 120
976 682
738 1108
580 1108
66 1108
1109 1108
449 1108
1110 1108
1111 1108
1112 1108
1113 1108
1114 294
1115 294
274 1091
1116 1091
1117 1091
1118 1091
1119 1091
1120 1091
1092 1091
674 1091
1121 1091
1122 817
1123 1124
1125 1124
144 1126
1127 1126
663 1128
254 1128
1129 1128
1130 131
639 131
1131 131
451 131
1082 1132
1133 1132
1134 1132
1135 1132
1136 1132
1137 1138
1139 1138
1140 1138
95 1138
513 1141
1142 1141
1143 1141
1144 1141
515 1141
828 1141
113 1145
1146 728
738 1147
1148 1147
823 1145
1149 1145
1150 1145
732 1145
398 1145
1151 1152
1153 1154
1155 1156
1157 1156
1151 1158
113 1158
1159 1158
1160 1158
1161 1162
1163 1162
1121 1162
1164 777
1165 1166
1167 1166
1168 1165
1169 1165
274 1165
1170 1165
1171 1165
1172 1165
1173 1165
959 1165
1168 1165
877 1165
1174 1165
1175 1165
1176 1165
986 1165
1177 1165
1178 1165
773 1165
1179 1165
1180 1165
1181 1182
1183 1182
1184 1182
516 1182
1185 1186
1187 1186
1188 1189
1190 1191
1192 1191
1193 1191
1194 1195
1196 1197
1198 1197
1199 1197
663 1200
636 1200
1201 1200
1202 1200
274 1203
1204 1203
1205 1206
1202 1206
38 35
1165 1207
1208 1207
1184 1207
1209 1207
58 1210
1210 1210
411 1145
1211 1145
1212 1145
805 1145
1213 1214
336 1214
113 274
1215 274
178 274
278 1216
1217 1216
1218 1219
1220 1219
1221 1219
1222 1219
1223 1224
1225 1224
1226 1224
1227 1224
1228 1224
1229 1230
809 1230
1231 1232
1187 1232
1113 1232
1233 1234
1235 1234
1236 1237
1238 1237
1239 1240
460 1240
1241 1145
1242 1145
1243 1145
1244 1145
1245 1246
1192 1247
1247 1247
1248 1247
1249 1250
115 411
387 411
1251 411
1252 411
1253 672
1254 672
1255 1256
1257 1256
1164 1256
1258 1256
1184 451
1259 1260
1261 1260
1262 985
1263 985
1264 985
1265 274
274 274
810 274
448 1266
1267 1266
1058 1266
1268 1266
1058 1266
1269 1270
1271 1270
453 1270
1272 1270
1273 1270
1274 1270
1275 1270
323 1276
1277 1276
1278 1276
1279 1276
1280 1189
120 1281
1114 1282
330 1266
1283 1266
1284 1266
1285 1266
1286 1266
1287 1266
19 1266
219 803
1288 803
1289 1290
1120 1290
1291 1264
1292 1293
1294 1295
1296 1276
1297 1298
1299 1189
1300 1301
1302 1301
877 1301
364 1061
718 1061
1303 1061
134 1304
1245 1305
430 1306
1307 1308
1309 122
1310 122
1092 1311
1202 1311
1236 1312
1092 1312
451 1312
1313 1314
219 1314
1279 1314
1315 1316
237 1317
1318 1317
1319 1317
1320 1317
1321 1317
1322 1323
967 1323
1324 1325
1326 1327
51 808
391 808
7 808
1328 808
1329 808
1300 465
1330 465
1330 465
465 465
1330 465
274 1331
877 1331
1234 1332
1333 1332
1334 1332
1335 1332
1336 1332
1337 1332
322 1332
1338 1332
567 299
1339 299
1340 299
1341 1342
1343 1344
606 1051
772 1051
1345 1051
1346 1051
890 1347
1348 1349
1350 1349
1351 1352
1353 1352
1354 1352
1355 1352
741 105
1356 105
219 105
1357 1358
1225 1358
914 728
728 728
1359 1360
1361 1360
1362 1360
890 1363
278 210
785 210
1364 1324
1365 1366
774 1366
1367 1366
1368 1366
1369 1366
1370 1371
567 1371
1372 1373
1374 1373
769 1373
1375 1373
1376 1373
1377 390
1378 390
1379 390
914 1380
1381 1380
1242 1380
1382 1380
1383 1384
1385 1384
1386 1384
1387 1384
1143 884
1388 884
1389 884
1390 1391
1392 1391
1393 1391
1394 1391
1395 1396
1397 1396
1398 1399
1400 390
1401 390
1402 390
1403 390
429 390
1162 1404
639 1404
1405 1406
113 121
1407 1408
1409 1408
1410 1411
1412 1413
159 1413
1414 1415
792 854
120 854
1416 854
174 854
1417 854
1418 854
1161 854
1395 1419
1420 862
1382 1421
453 1421
1412 1422
1423 1422
889 1422
1407 1422
1424 1422
1425 1426
398 1426
507 1426
269 1426
1427 1428
278 1428
1429 728
1430 1431
1432 914
703 914
1398 914
767 914
1433 914
567 914
1434 914
1435 914
1436 1437
320 1437
445 1438
174 1438
1398 120
1435 120
1435 803
1262 1033
1439 1432
1440 1432
636 792
460 1119
1441 1442
1443 1442
1444 1442
1290 1085
1245 1085
1445 1085
1446 1085
1388 1085
1447 1085
1364 1085
451 1085
1244 703
1448 877
1307 877
1418 1380
1449 1380
1450 1451
1452 1451
1453 1454
1455 1454
1456 1457
1382 1457
1458 1430
1166 1430
1459 1460
1082 1461
1462 1463
1464 1465
1466 1332
1467 1342
323 1468
1418 1291
1368 1412
323 1412
761 1469
454 1469
1470 1471
1472 1473
1474 1475
1476 1475
1477 1475
36 1475
577 1475
1478 1475
1479 1475
1480 1475
1481 1475
362 1475
1482 1475
1483 1475
1484 1475
1485 1475
1486 1475
1487 1475
738 1488
1489 1488
1490 1488
1491 1488
1492 1488
217 1488
1493 1488
1494 1495
1496 1495
1497 1495
1498 1495
1499 1495
1500 1501
1500 1501
738 1502
1503 408
1504 408
1505 1506
1507 1506
1508 278
1085 1509
1510 1430
1127 1511
1136 1511
741 1512
1513 1512
738 1514
807 1515
1516 1517
1518 1519
1520 1519
1189 1014
1521 1014
380 1014
1522 1523
1524 1525
1526 1525
903 1527
1528 1423
1529 1423
1530 1531
1532 1531
1533 1534
1535 1536
1537 1538
1539 1538
1540 1538
387 681
1541 681
1542 1542
1543 1544
1230 1087
1136 1087
1545 771
1543 771
1546 1547
1548 1549
1253 1549
1550 1551
1552 1551
738 740
1553 740
1554 210
274 1555
807 1555
458 1456
1556 1383
1285 1383
1557 1383
1558 1383
1559 1383
1560 1383
1424 1383
998 1383
876 1561
71 1561
1562 1561
454 1563
1564 1565
1566 1567
1568 1567
1569 274
1569 274
358 1526
1570 1526
1571 1572
299 1573
1574 1573
1575 1573
1576 1573
1577 1573
1578 1573
1579 1573
1580 1573
1581 1030
1582 1030
575 1030
1167 1030
941 1030
1583 1030
1584 1030
1585 1030
1586 1030
1587 1030
1588 1589
1590 1589
1591 1589
138 1589
1592 1589
432 1589
1574 1589
1593 1589
1594 1589
1595 1589
1596 1589
1597 1598
44 1599
1600 1599
1601 1599
237 1602
1603 1602
1604 1602
1605 1602
1606 1602
233 1607
1608 1609
55 1609
1610 1609
1144 1611
1612 1611
1613 1611
1614 1611
1615 1611
646 1616
646 1617
1618 1619
1620 1619
1621 1619
1622 1623
1624 1623
1625 1623
1626 1623
1627 1623
1628 1629
1630 1569
1631 1569
1435 1632
1633 1632
1634 1632
1635 1636
144 1636
1637 1636
1610 1638
1639 1640
1641 1642
1624 1642
233 1642
1597 1642
1307 1643
1644 121
1645 390
1545 37
1646 1647
663 408
1434 408
1648 408
1649 408
1650 1651
1562 1652
1614 1652
1653 1652
1644 1526
1654 1526
38 1442
1655 1442
828 1442
1656 1442
1657 1442
254 1442
1568 954
1658 1659
1562 1630
1144 1630
1604 1630
1660 1661
1627 1661
1653 1661
1621 1661
1161 1662
1663 437
91 437
1614 1664
1627 1664
443 131
1665 458
1625 1666
1383 1667
1668 1667
38 1667
1238 1667
566 1667
1669 3
1601 3
1670 1671
1672 1673
1674 1674
241 1675
85 1676
1677 1676
1678 1676
1679 1676
1220 1676
950 1680
1681 1680
1435 1682
1683 1684
1685 1684
1686 1684
1687 1684
1192 1688
764 1688
1689 1688
1690 636
636 636
183 1562
1691 1692
1693 1692
1694 1562
1695 1562
1696 1697
1698 1697
668 1697
1644 1654
1654 1654
1699 1654
1382 1700
453 1700
1701 440
1702 1703
1704 1705
1204 1705
1706 1707
485 882
1692 882
1644 1708
1709 1708
1710 441
1711 1712
1713 934
1285 934
1703 934
1714 934
1710 1715
1716 1717
156 1717
1718 1717
1719 1717
460 1720
1285 1720
1721 1720
1722 1723
368 1723
506 8
1724 1725
1726 1725
1345 458
1727 1728
807 1729
1730 1731
1732 1733
1734 1733
1733 1733
1735 1733
1736 1126
121 121
1737 1738
1739 1740
1741 1740
374 1742
1743 1742
1744 1742
1745 1742
1746 1742
1747 1748
703 1749
674 1749
807 1749
237 1749
1750 1749
1751 1749
517 1749
1752 1753
1754 1753
1755 1756
1757 1756
1758 1756
1759 1756
1760 1756
1761 1756
1762 1763
1627 1763
1764 1763
1765 1526
1766 1767
368 1767
1756 1768
1752 1768
1769 1768
1770 485
1752 1771
1761 1771
1035 772
1066 772
368 1772
1773 1772
1774 1775
1776 1694
1777 1694
1778 1694
1600 1213
1779 1213
1780 1781
1782 1781
1781 58
674 1783
774 1784
1784 1784
1785 1786
1787 1786
781 1788
1789 1788
1736 41
1769 41
1790 41
1791 1792
1793 1792
807 1794
1795 1794
1796 1794
1797 1794
1798 1794
1757 1794
1799 1800
1782 596
524 596
774 1801
1802 1801
298 440
1694 1572
1789 1803
1804 1387
1499 1387
1244 1387
1805 1088
1806 1088
774 1666
1807 1666
1666 1666
1581 1141
1808 1141
1771 1141
1809 1141
1810 1811
1812 1708
38 1813
286 1814
1612 1815
368 1815
1816 1817
356 1817
1818 1817
1132 1819
1820 1821
1822 1821
1823 1141
1824 723
1807 1366
1825 453
1826 453
1827 453
1828 453
1046 453
1829 453
1830 453
73 1831
1832 1831
1833 1831
1834 1831
1835 1836
1837 106
1838 1839
850 1839
1840 1839
612 1839
788 1839
1841 1839
1840 1839
1842 1771
1843 1771
1844 1845
1846 1847
290 1847
1848 1849
1850 1851
1852 1851
1853 1851
1854 1851
1855 1851
1856 1851
1857 1851
1858 1851
1859 1851
1860 1851
1861 1851
1862 1851
58 1863
1864 1863
463 1863
1865 1863
1866 1867
1868 1869
1597 1870
1499 1870
1871 365
1872 1682
1873 1682
1874 1682
1875 1876
1877 1876
1878 1879
1880 1881
891 1881
866 1881
1882 1883
524 1883
1884 1885
1858 1885
266 1886
866 1886
1887 1888
612 499
1889 1890
1891 1890
1892 1890
1893 1890
658 1894
1840 1894
91 1894
1435 1835
1895 1896
1880 1896
425 1896
1897 1898
463 1898
1242 1242
1899 1242
1900 1242
1901 1242
1902 1242
1903 1242
1904 1242
1905 1242
1906 1242
247 1907
1908 1909
1910 1909
1911 1909
1858 390
1564 453
1912 1913
237 1914
788 1915
1916 1917
1918 1917
1604 1919
1919 1919
559 674
1920 1921
1922 1881
612 1923
1924 1923
1925 1923
1926 1923
1927 1928
1929 1928
1930 1928
1931 1928
1932 1928
1933 1928
1934 1928
1935 1928
1936 1928
1699 1928
1937 1928
524 803
1938 803
1939 1824
1940 1941
612 1941
249 1941
1925 1942
461 1943
511 1943
1944 1943
1945 1943
1946 1943
1947 1943
1948 1943
290 874
1022 874
1949 874
1950 874
1951 874
387 874
1952 874
1953 874
1954 874
158 874
1955 874
1956 874
1957 874
1958 874
1282 874
1959 874
1960 874
1961 874
316 1962
1963 1962
1140 1962
1375 1964
1965 1964
761 1964
546 1964
452 1964
777 1964
1966 1964
1967 1968
1969 1247
1970 1247
322 1247
755 374
1971 374
1972 374
1242 374
60 374
1973 374
1974 374
1975 1976
1977 1976
1976 1976
526 1978
1979 1978
1980 1981
1982 233
1983 233
1984 1985
260 1985
1986 1923
1987 1988
179 1988
1989 1988
1990 674
1991 960
1532 1992
1993 1992
1994 1992
1995 1992
1996 1992
1997 1992
1998 1999
2000 1846
2001 2002
2003 2002
581 2002
2004 2002
2005 2002
2006 2002
60 2002
1269 2007
2008 1882
2009 2010
1530 2010
555 2010
2011 2010
322 2010
1448 1758
2012 1758
2013 2014
2015 2014
555 2014
2016 2017
2018 2019
2020 2020
2021 2020
2022 2023
2018 2023
2024 2025
2021 2026
2027 2026
2028 2029
1488 2030
1235 2030
2031 2030
2032 2030
2033 1130
2034 2035
2036 2035
2037 2035
2038 2035
2039 2035
2040 2035
2041 2035
1522 2035
2042 2035
2043 2035
2044 2035
2045 2046
2047 2048
2049 2048
2050 2048
290 2048
2051 2048
2052 2053
1144 2054
2055 2054
23 2054
1139 388
2056 2057
2058 2059
2060 2059
1976 2059
2061 2062
1508 2062
2063 2024
2064 2024
2065 2024
2066 2024
2067 2068
2069 2070
2071 2072
165 2072
451 1345
2073 2074
1875 2075
2018 2076
2077 1880
2078 2079
2001 2080
2081 2080
2082 2080
716 2080
2083 2080
2058 2084
1221 2085
2086 2087
1816 2088
881 2089
865 1289
612 1289
1922 1289
716 2090
2070 316
2091 316
1782 2024
2024 2024
1782 2024
1363 2092
2093 2092
2094 2092
2095 2096
2097 2098
775 2098
1051 2098
2099 2098
2100 2098
1518 2098
2101 2098
1859 2098
2102 2103
2104 2103
2105 2103
2106 2107
2108 2107
1782 281
878 874
2109 511
2110 511
2111 2112
2113 2114
286 2115
2116 2115
758 505
759 505
2117 505
2118 900
2119 900
156 2120
2121 2120
2122 2120
2123 2124
1807 511
316 1220
2125 2126
2127 2126
1911 2126
2128 2126
2129 356
884 356
2130 356
390 390
2131 2132
2133 2132
2134 2132
1606 2135
2136 2137
763 316
2138 2139
2140 2139
2141 2139
862 1705
2142 1705
990 2143
2144 2143
658 2143
2145 2143
1490 2143
2146 2147
249 2147
2148 2147
2149 2147
2150 2147
2151 2152
2153 2152
2154 2152
21 2155
2156 1971
2157 511
2158 2159
2160 823
233 823
1590 2161
2162 2163
2164 2163
1030 505
2165 505
2166 2167
219 2167
2168 2167
752 2167
2169 2167
2170 2167
2171 2167
2172 2173
1816 1982
668 2174
2175 2176
2177 2178
1165 2179
2180 2181
2182 2181
2183 837
866 837
2184 837
1494 837
2185 299
1705 2186
2187 2186
2188 2186
2189 2186
2180 2186
2190 2186
2191 2186
2192 2186
2193 2194
2195 2092
2159 1591
2196 1591
2197 2198
716 2199
2200 2199
1363 1363
2201 1363
2202 1363
2203 1363
144 1363
2204 1363
2205 1051
286 1522
1668 2206
2207 2206
1507 2206
2208 2209
2210 2211
2212 2213
2214 2213
2215 2216
2217 2216
2218 2216
2219 2216
2220 2216
2221 2216
2222 2223
2224 2223
299 2223
1021 2223
2225 2223
2226 2223
873 2223
2227 2223
2228 2223
2229 2223
2230 2223
585 2223
2231 2223
396 2223
2232 2223
2233 2223
2234 2223
2235 2223
2236 2237
1693 2098
2238 2098
2239 2098
1987 2098
2240 2098
544 2098
555 2098
2241 2098
837 2098
867 2098
2242 2098
2243 2098
1663 2098
2244 2098
2245 2098
517 2098
1179 2098
2246 2098
2247 2098
2248 2098
2249 2098
2250 2098
2251 2098
2252 2098
2253 2098
2254 2255
554 2256
2257 2256
2258 2256
2259 2256
560 2256
2260 2256
2261 2262
2262 2262
2263 2262
2264 2262
2265 2266
1114 2266
2203 758
2267 2268
2269 2268
299 2268
2270 2268
2163 2268
2271 2268
2272 2273
2274 2275
286 1646
1646 1646
2261 2276
1114 2276
2277 2276
796 2276
356 2278
2279 1763
2224 2280
2281 2280
2282 2280
299 2280
2283 2280
2284 2280
2285 2280
362 2280
2286 2280
967 2287
2288 2289
2280 2289
2290 2289
2291 2289
591 2289
2292 2289
1448 2293
2294 850
1070 850
544 850
2295 2258
2296 2258
2297 2298
2299 2173
2300 2173
1663 1114
2301 1114
2049 1114
2302 2303
1747 2303
2050 2303
2304 2305
2306 2305
1727 2307
2308 2307
2309 2310
825 2311
2312 2313
2070 2307
2314 2307
286 1743
2263 2315
2316 2315
2317 2205
878 2205
2318 120
544 120
2319 120
2320 2321
2322 2321
2323 2321
2324 2321
1518 2325
2326 2325
2327 2325
2328 2325
2329 2325
2330 2325
548 2331
2332 2331
2333 2331
843 2331
2334 2331
1663 2331
954 2331
176 2335
2336 1098
2337 1098
2338 1098
2339 1098
2340 1098
8 1098
2341 1098
2342 1098
2343 1098
2344 1098
2345 1098
2346 1098
2347 1098
2348 1098
2349 1098
2350 1098
1179 1098
1499 1098
1954 1098
2351 1098
2208 2303
2340 1363
333 2352
524 2352
2353 2352
2354 1296
2355 1296
2356 1296
2346 1296
2357 2358
2359 2358
2360 2358
2361 2358
2362 2363
2364 2363
2365 2366
2367 2366
1023 2366
2368 2366
959 2366
682 2366
572 2366
680 2366
2296 2366
2369 2366
2033 2370
2371 2372
1221 2372
2373 2374
2375 741
850 741
1335 741
1946 741
2376 741
2377 286
2215 2378
2302 2378
2379 2378
544 2378
2380 2378
2291 2378
490 2378
2361 2378
175 2138
2283 2360
585 2360
38 2381
2382 2381
2383 779
1842 2384
430 2384
2385 2384
2386 2384
2387 2384
2388 2384
2389 2390
560 2390
253 2391
1663 1826
2371 270
2392 2393
1617 2223
1499 2394
2395 2396
2397 2396
2317 2398
1650 2399
2400 2401
524 120
2402 2317
2403 2366
2404 2366
2405 2366
327 2406
2282 2407
2400 1270
2408 1270
584 1270
2409 2410
2411 2412
352 2412
2413 2414
2415 2414
2416 2414
2417 964
2393 2393
2418 2393
2419 2393
2353 2393
2420 2393
2421 2422
2423 2424
1392 2424
1639 874
2425 874
2426 874
2427 874
2094 837
1128 2428
2342 2429
2430 2429
152 2431
377 2431
2283 2431
2432 2431
2396 1747
2289 1747
544 1747
2433 1747
559 1747
491 2434
2435 2434
2436 286
2437 2438
491 2439
88 2439
1764 2440
2441 1662
2353 1662
2442 1662
2443 2444
2445 2444
2446 2444
2447 2448
2449 2448
2450 2448
198 2448
2451 2448
2452 2448
100 2448
2453 2448
2454 2448
254 2448
2455 2448
2456 2448
2457 2448
1013 2458
2459 2458
451 2458
2460 2461
2462 2461
2463 2464
2465 16
2379 2466
2467 2466
1285 2466
1123 1720
2468 1720
2353 1720
729 1720
2170 1720
451 1720
1747 2469
2470 2469
716 2471
2472 2473
676 472
2474 2475
91 837
2476 837
843 2396
2477 2396
2478 2479
2480 2479
2481 2482
2286 2482
445 2483
676 2483
2484 2485
2486 2485
36 2485
2487 2485
829 2461
2488 2035
2489 2035
2490 2035
60 2035
2491 2035
2492 2322
1864 402
2493 402
2494 402
2495 2382
2496 2382
1023 335
2497 335
1092 2498
2499 2400
2433 2400
2500 2400
10 2501
1054 2501
407 548
2502 548
1116 548
2503 2504
2505 2504
412 2504
2506 2461
729 2461
466 2461
1374 2461
2507 2461
295 2461
2508 2461
2509 2461
2403 2461
606 2510
335 2510
410 2510
2511 2510
2512 2510
2513 2510
2514 2001
2513 2001
2495 2515
1023 2515
2516 2517
837 2517
972 2517
2518 2517
2382 2517
2519 2520
2521 2520
1668 2520
972 2520
2522 2520
2523 2520
2524 2520
1411 2520
866 220
837 2525
2101 2525
2526 2525
496 2525
738 2527
451 2527
1840 2527
2528 2527
612 2529
2069 2529
491 2530
524 2530
2442 2530
2382 2531
2130 2532
1870 2532
2533 2534
1409 2535
2536 2537
2518 2538
2539 335
891 2540
2541 2542
2543 2542
2544 2542
2545 2542
2546 2542
2547 2542
491 2548
2549 2548
2018 2550
1155 2550
2551 2550
2495 2311
2552 2311
2553 2311
1987 2311
451 2311
2130 2554
1922 2554
2555 2556
2557 2558
2559 2558
2560 2558
524 2558
2561 2558
2562 2558
2563 1414
1205 2564
1747 2565
2566 2567
2568 2569
2570 2571
2571 2571
162 2571
2572 238
2573 238
97 238
2574 238
781 763
676 1438
1092 398
1807 2575
829 2576
2560 2576
2506 2576
2577 2558
2558 2558
2578 2579
2580 2579
1092 2581
2582 2583
2584 2583
2585 2586
192 2587
2388 853
2588 853
853 853
612 1333
2589 2590
2480 2590
1261 1925
2591 1925
2592 2592
1092 2593
1205 2593
2594 2595
1808 2595
2596 2595
335 2595
1770 2595
2597 2595
2598 2595
2599 2595
2251 2595
2600 2595
2601 2595
2602 2346
1388 2603
2604 2605
1665 72
2606 72
2607 511
2608 511
2562 511
2285 511
2609 511
2610 511
2611 511
2612 2613
2591 2557
2614 2615
2616 1678
2069 1977
1977 1977
2617 2618
2619 2618
2620 2618
2476 2621
676 2622
2623 2622
605 2622
2513 2624
239 874
2625 874
992 992
401 992
2626 992
2417 2627
612 1925
2628 1925
2629 1925
689 2630
2631 1078
2631 1078
508 1078
2162 2632
2633 2632
2634 2635
150 2636
1639 2636
2637 2636
1488 2638
2638 2638
738 2638
1605 2638
1235 2638
741 2638
2639 2638
2640 2641
2642 2641
2643 2644
2645 2461
1995 1568
2646 2647
2648 838
2649 2650
2650 2650
2651 2650
996 88
922 117
2652 117
194 117
2653 117
2654 2655
2656 2655
2657 2655
2658 2659
392 2660
2661 2660
2662 2660
2663 2660
2664 2665
1807 2666
2667 2667
2668 191
612 2130
1922 2130
1295 2669
1639 2669
1615 2669
2670 2669
840 2669
2506 2671
1331 2672
1902 2673
657 2674
258 2674
2675 2674
2676 307
2677 2597
2591 2678
697 1800
2679 1942
2670 1942
764 2680
2020 2680
926 2680
2681 2682
2677 1192
2675 1192
2683 2582
2684 1800
2685 1800
764 2686
2687 2686
97 192
764 2688
555 1574
257 2689
2690 2689
2691 2692
2693 2692
1466 2692
2694 2692
577 2692
2695 2692
2677 2692
1604 2672
1988 333
2696 69
192 2697
2020 2698
2699 2698
2700 2701
2702 2701
2703 2701
2704 2705
113 2706
2707 2706
2708 2709
2710 2709
2711 2712
2713 2714
2715 2714
2675 1030
2716 2717
643 2718
1647 2719
2720 2719
2721 2719
2722 2719
258 2723
2724 2725
935 830
508 238
2726 238
2727 238
2728 238
2675 1659
2729 1753
2730 2730
1041 2730
2731 2730
2732 1141
2733 1141
2716 2481
1374 46
2643 912
2734 912
381 2735
2736 2737
2738 2737
2739 2737
2740 2741
1372 2742
1811 2743
2744 2743
2745 2743
1811 2746
2710 773
2747 249
2733 249
2189 2748
1423 830
2749 830
2750 2751
2752 2751
2753 2751
2353 2751
330 2754
2755 2754
2756 2754
2757 2754
2758 2754
2759 2754
1764 2760
2761 2743
2762 2763
916 2763
2764 2765
2755 2765
2766 2767
2768 2767
2769 2767
2770 2767
728 2767
2771 2767
2772 2767
336 2767
1334 2773
338 2773
2774 2773
2775 2773
2776 1461
2373 1461
1789 1461
1128 295
2777 295
2778 295
2779 2780
2683 2743
1253 2781
2782 2781
2783 2781
2784 2781
2785 2786
2787 2660
2788 2660
2373 2789
2790 2789
2791 2792
2793 2794
2795 2796
749 2796
2797 2796
2798 2799
2710 2799
2800 2799
2799 2799
2801 2799
2802 2799
95 2803
2804 2803
2805 2803
2806 2807
2808 1800
2809 1800
2810 1048
2811 1048
1048 1048
2812 1331
2813 1331
2814 1331
120 2815
1922 1762
2816 2817
2818 1128
159 1128
333 1128
1440 1128
2819 1128
2816 1128
769 873
2308 873
2820 873
2821 873
174 873
686 873
2690 2822
2823 2822
2824 2825
2826 2768
2827 2768
2828 1572
2829 2830
1752 2831
2832 2831
137 2833
2591 2833
1499 2834
2835 2834
2836 2834
2837 2834
2834 2834
70 2635
552 2838
2839 2838
126 2838
1148 2838
2840 2838
2841 120
2827 120
2842 120
1604 120
516 120
137 2843
2843 2843
38 2844
837 2844
2845 2844
605 2844
2722 2844
2846 2847
2848 2847
2796 2847
2849 2847
2850 2851
2852 2853
2850 2826
1610 2854
2855 2854
2856 2854
2857 2858
82 346
1016 346
2859 2860
2221 2861
1164 2861
2861 2861
2862 2863
2864 2865
2866 311
2867 311
2868 311
1870 311
2869 311
2870 311
2850 2871
2871 2871
2797 2871
2872 2873
887 2873
2874 2873
2875 2873
2876 2873
512 2873
228 729
2877 72
86 72
2878 72
180 72
2879 72
1149 72
2880 72
2881 2882
2883 2884
2885 2884
674 2884
2886 2884
2887 2884
2888 2889
2890 2891
2892 2891
2893 2894
137 2894
2895 2894
1132 2894
2896 2894
2897 2898
2854 2899
2733 2899
40 2899
2900 894
1490 894
2901 894
2902 2903
1787 2903
2904 2903
2905 2903
2906 2903
2907 2903
1773 2903
560 2903
2908 2909
2910 2911
2848 2911
2711 2911
2912 2911
2913 2911
2914 2911
370 2911
2915 2911
2916 2911
2917 2918
2919 2920
2658 331
2921 2922
2923 2922
157 1346
196 1346
223 1346
398 1346
157 1346
2924 2925
1995 1297
2926 1297
86 2346
180 2346
2496 2789
2927 2349
2153 2349
2928 2929
84 2820
2820 2820
684 2820
339 2820
728 286
236 286
884 2820
2930 2931
2932 2931
2930 2931
2933 2931
2934 2935
2518 2936
2937 2938
2939 2938
2940 2938
2941 1841
2257 1841
2942 1841
2943 1841
2944 2945
2946 2945
2947 873
2948 873
873 873
2949 377
761 72
72 72
761 72
362 72
2950 72
1016 2951
2658 752
2952 2927
2953 2954
2461 555
2952 555
1100 2955
2956 2955
196 2955
2957 2955
2957 2955
2958 2955
2207 2959
2749 2959
478 1856
2960 2961
837 837
1201 2962
1490 1185
2658 2963
1562 391
331 478
926 478
999 478
736 2964
1192 2964
2965 2966
932 2966
2967 703
884 703
2968 703
2969 2970
333 2971
451 2971
451 2971
1562 2971
1300 2971
2516 2972
2973 2974
2975 2974
2976 2824
2977 1841
2978 1841
2979 2980
2981 2980
2982 2980
2983 2980
174 2980
837 2984
330 2984
330 2984
2985 2986
2987 2986
627 2986
2988 2986
2258 2927
388 72
204 72
2979 72
1011 72
2989 72
1818 72
2990 72
2421 72
528 72
2991 72
286 72
1317 118
336 118
2934 2992
2993 2992
2994 2992
478 2995
2996 2995
2997 779
2998 779
2999 779
3000 779
3001 779
2911 2832
3002 2500
3003 3004
3005 3004
3006 3004
1628 3004
3007 3008
3009 3008
2316 3008
3010 3008
2296 3008
2276 3011
3012 3011
398 3011
2670 2738
221 3013
2274 3014
3015 3008
3016 1809
2916 1809
3017 3018
3019 3018
3020 3018
623 3018
884 3018
313 3018
3021 3018
2427 3022
1663 3022
2276 3023
3024 3025
2861 3025
3026 3025
3027 86
334 86
236 86
2616 3028
1409 3028
3029 874
137 3030
3031 3030
3032 3030
3033 478
3034 3035
2461 2576
3036 2576
3037 729
3038 926
3039 3040
2888 3041
2804 3042
3043 3042
760 3042
476 3042
2608 3042
3044 3042
1177 3042
3045 3042
3003 330
3035 330
3046 330
188 774
3047 3048
2722 3048
3049 3048
492 3048
3050 3048
3051 2160
884 3052
2459 3052
339 2810
374 2810
3053 3054
2064 3055
3056 3055
3057 3055
3058 3055
95 3055
3059 3055
1295 3055
429 3055
3060 1137
3061 1137
2005 1137
3062 1137
3063 3064
2242 3065
3066 3065
2459 3065
3067 3068
3069 1005
3070 1005
3071 1562
3072 390
3073 1317
2768 332
1295 332
2768 3074
110 3074
2734 3074
3032 3074
2768 2363
137 2363
331 2363
2427 2363
1295 2363
3075 2768
3076 2768
2276 3077
2797 580
3055 3078
1562 3074
2242 3074
3079 3074
2303 3080
3081 3080
3082 3080
3083 688
1702 3084
2979 3085
1440 3085
295 3086
412 3086
294 3086
3087 3086
292 3086
1051 3086
723 3086
366 3086
2296 3086
3088 3089
3090 3089
137 1562
3031 1562
3060 3091
3092 3091
3075 3091
2427 3091
3093 3091
429 3091
3094 3095
3096 3097
3098 3097
429 3097
1261 3099
3100 3101
2613 303
3102 3096
3086 3103
3104 3103
3105 3103
2187 3103
3106 3089
3107 3089
3108 3109
752 3110
3111 3110
3112 3110
911 3110
278 3110
3113 3110
286 1562
2056 1562
3114 1041
3096 3115
3096 3116
3117 3116
2276 1055
1055 1055
331 3118
3092 3118
3118 3118
3118 3118
3119 3118
2113 137
1839 3120
3121 3120
3122 2137
3123 264
3124 264
3125 264
3126 264
3127 264
3128 264
1145 264
3129 264
3130 264
721 264
3131 264
3132 264
3133 264
3134 363
2577 363
3135 363
3136 363
3137 363
3138 363
3139 363
3140 363
3141 363
3142 3143
3144 2421
2427 3145
1663 137
3146 137
3147 3148
3142 3067
3149 3067
223 3067
2459 3067
3150 3067
3151 3067
3152 3142
286 3142
969 3142